	Dataset	

1st column gives source node	
2nd column gives destination node	
3rd column represents initial time of contact	
4th is the end time of contact	
5th column represents No of time of contact	
6th column tells time between two consecutive meeting	
7th column is duration of each contact

1	8	121	121	1	0	0
1	3	236	347	1	0	111
1	4	236	347	1	0	111
1	5	121	464	1	0	343
1	8	585	585	2	464	0
1	5	700	816	2	236	116
1	3	589	940	2	242	351
1	4	589	940	2	242	351
1	9	940	940	1	0	0
1	2	1306	1306	1	0	0
1	8	1662	1662	3	1077	0
1	8	2025	2158	4	363	133
1	2	2387	2387	2	1081	0
1	8	2387	2387	5	229	0
1	8	2969	3195	6	582	226
1	8	4030	4030	7	835	0
1	8	5130	5254	8	1100	124
1	8	5517	5747	9	263	230
1	8	6019	6365	10	272	346
1	8	6605	6605	11	240	0
1	7	7428	7653	1	0	225
1	5	7542	8130	3	6726	588
1	7	8007	8130	2	354	123
1	5	8742	8867	4	612	125
1	4	7428	9105	3	6488	1677
1	5	9228	9353	5	361	125
1	8	9476	9476	12	2871	0
1	5	9598	9713	6	245	115
1	5	9957	9957	7	244	0
1	8	10075	10075	13	599	0
1	8	10549	10557	14	474	8
1	2	10674	10674	3	8287	0
1	5	10195	10911	8	238	716
1	2	10911	10911	4	237	0
1	8	11033	11033	15	476	0
1	5	11157	11494	9	246	337
1	7	11726	11726	3	3596	0
1	7	12680	12680	4	954	0
1	5	12069	12901	10	575	832
1	5	13030	13030	11	129	0
1	5	13282	13793	12	252	511
1	7	13415	14029	5	735	614
1	5	14261	14261	13	468	0
1	7	15390	15390	6	1361	0
1	8	15508	15508	16	4475	0
1	7	15885	15885	7	495	0
1	5	15136	16004	14	875	868
1	7	16135	16135	8	250	0
1	8	17207	17316	17	1699	109
1	5	16129	17784	15	125	1655
1	7	17660	17784	9	1525	124
1	2	18015	18029	5	7104	14
1	8	18398	18398	18	1082	0
1	8	19090	19090	19	692	0
1	4	9476	19323	4	371	9847
1	4	19577	21178	5	254	1601
1	5	21770	21995	16	3986	225
1	7	21879	21995	10	4095	116
1	4	21426	22376	6	248	950
1	4	22614	25165	7	238	2551
1	8	27102	27102	20	8012	0
1	6	74547	74554	1	0	7
1	7	80039	80039	11	58044	0
1	7	80408	80881	12	369	473
1	2	82948	82948	6	64919	0
1	7	82825	83197	13	1944	372
1	2	83315	83315	7	367	0
1	2	83681	83688	8	366	7
1	7	84157	84292	14	960	135
1	7	85127	85127	15	835	0
1	2	86401	86401	9	2713	0
1	4	85373	86881	8	60208	1508
1	2	86763	87118	10	362	355
1	9	87118	87118	2	86178	0
1	3	87118	87227	3	86178	109
1	4	87227	87227	9	346	0
1	2	95973	95973	11	8855	0
1	7	96335	96335	16	11208	0
1	2	96335	96356	12	362	21
1	7	96949	96949	17	614	0
1	4	95973	98392	10	8746	2419
1	2	99100	99100	13	2744	0
1	7	99223	99223	18	2274	0
1	3	95973	99348	4	8746	3375
1	7	101990	101997	19	2767	7
1	7	102484	102484	20	487	0
1	4	98636	103186	11	244	4550
1	6	103186	103186	2	28632	0
1	7	103424	103424	21	940	0
1	2	104261	104261	14	5161	0
1	7	104510	104510	22	1086	0
1	7	105080	105312	23	570	232
1	7	105789	105789	24	477	0
1	7	106146	106517	25	357	371
1	2	106265	106517	15	2004	252
1	3	99808	106874	5	460	7066
1	7	107000	107129	26	483	129
1	2	107129	107129	16	612	0
1	4	103775	107150	12	589	3375
1	3	107129	107274	6	255	145
1	2	107527	107527	17	398	0
1	3	107520	108152	7	246	632
1	7	108266	108266	27	1137	0
1	4	107402	110688	13	252	3286
1	2	111806	112398	18	4279	592
1	4	110937	113579	14	249	2642
1	4	113935	113935	15	356	0
1	9	115094	115094	3	27976	0
1	2	115336	115336	19	2938	0
1	9	115828	115828	4	734	0
1	3	108639	116558	8	487	7919
1	9	116447	116558	5	619	111
1	4	114171	117674	16	236	3503
1	9	173079	173079	6	56521	0
1	9	175935	175942	7	2856	7
1	9	180059	180059	8	4117	0
1	9	180207	181173	9	148	966
1	9	181638	181638	10	465	0
1	9	183093	183093	11	1455	0
1	9	183568	183568	12	475	0
1	9	185865	185865	13	2297	0
1	9	186852	186852	14	987	0
1	9	187576	187576	15	724	0
1	4	187112	187704	17	69438	592
1	9	187830	187958	16	254	128
1	9	188542	188542	17	584	0
1	8	258123	258123	21	231021	0
1	8	258501	258501	22	378	0
1	8	262612	262612	23	4111	0
1	8	265106	265106	24	2494	0
2	8	121	121	1	0	0
2	4	121	121	1	0	0
2	3	121	236	1	0	115
2	7	236	347	1	0	111
2	6	347	464	1	0	117
2	3	589	589	2	353	0
2	6	940	940	2	476	0
2	7	816	1185	2	469	369
2	6	1306	1430	3	366	124
2	7	1662	1662	3	477	0
2	6	1782	1782	4	352	0
2	7	1893	1893	4	231	0
2	8	585	1899	2	464	1314
2	7	2370	2370	5	477	0
2	8	2603	2727	3	704	124
2	7	2952	2952	6	582	0
2	7	3648	3655	7	696	7
2	7	4013	4136	8	358	123
2	1	5237	5244	1	0	7
2	7	12805	12805	9	8669	0
2	4	14639	14876	2	14518	237
2	1	14876	14876	2	9632	0
2	1	17595	17595	3	2719	0
2	7	17826	17826	10	5021	0
2	1	18045	18045	4	450	0
2	5	18157	18164	1	0	7
2	7	19951	20320	11	2125	369
2	3	21802	21802	3	21213	0
2	9	21802	21802	1	0	0
2	5	21928	21928	2	3764	0
2	1	22050	22050	5	4005	0
2	4	22050	22050	3	7174	0
2	1	84191	84542	6	62141	351
2	7	84312	84542	12	63992	230
2	7	85751	85751	13	1209	0
2	1	86911	86911	7	2369	0
2	1	87505	87505	8	594	0
2	4	90378	90378	4	68328	0
2	1	90378	90378	9	2873	0
2	9	90490	90609	2	68688	119
2	3	90490	90609	4	68688	119
2	1	90848	91080	10	470	232
2	6	91202	91202	5	89420	0
2	4	90958	91431	5	580	473
2	3	91316	91677	5	707	361
2	4	91566	91677	6	135	111
2	7	92056	92186	14	6305	130
2	3	92186	92186	6	509	0
2	6	92181	92307	6	979	126
2	4	92056	92416	7	379	360
2	7	92527	92531	15	341	4
2	6	92531	92654	7	224	123
2	7	92779	93380	16	248	601
2	6	92893	93380	8	239	487
2	6	93861	93861	9	481	0
2	4	92654	93985	8	238	1331
2	6	94109	94233	10	248	124
2	6	94468	94719	11	235	251
2	4	94114	95476	9	129	1362
2	6	95215	95615	12	496	400
2	9	91431	95731	3	822	4300
2	4	95496	95731	10	20	235
2	7	93861	96102	17	481	2241
2	6	96464	96464	13	849	0
2	6	96602	96602	14	138	0
2	4	96102	96850	11	371	748
2	6	96850	97431	15	248	581
2	7	96464	97438	18	362	974
2	4	97184	97803	12	334	619
2	9	96102	97931	4	371	1829
2	6	97803	98045	16	372	242
2	7	97803	98879	19	365	1076
2	3	92661	99110	7	475	6449
2	4	98052	99110	13	249	1058
2	6	98283	99110	17	238	827
2	9	98393	99225	5	462	832
2	3	99474	99816	8	364	342
2	9	99706	99816	6	481	110
2	4	99706	99939	14	596	233
2	9	100299	100299	7	483	0
2	1	100425	100425	11	9345	0
2	3	100425	100537	9	609	112
2	3	100665	100665	10	128	0
2	3	100904	100904	11	239	0
2	3	101040	102858	12	136	1818
2	4	103098	103098	15	3159	0
2	7	102502	103324	20	3623	822
2	1	103098	103324	12	2673	226
2	7	104159	104159	21	835	0
2	3	103331	104271	13	473	940
2	3	104642	104642	14	371	0
2	3	105002	106047	15	360	1045
2	7	106523	106775	22	2364	252
2	3	106404	107125	16	357	721
2	7	107132	107265	23	357	133
2	3	107387	107401	17	262	14
2	7	107653	107660	24	388	7
2	3	107660	107660	18	259	0
2	7	107909	108157	25	249	248
2	3	108164	108282	19	504	118
2	9	108410	108410	8	8111	0
2	7	108524	108524	26	367	0
2	3	108763	108763	20	481	0
2	7	109517	109643	27	993	126
2	1	109868	109868	13	6544	0
2	7	109868	109868	28	225	0
2	7	110222	110222	29	354	0
2	3	110222	110222	21	1459	0
2	1	110222	110331	14	354	109
2	3	110574	111077	22	352	503
2	7	110574	111077	30	352	503
2	1	110953	111077	15	622	124
2	7	111693	111693	31	616	0
2	3	111810	111810	23	733	0
2	7	111942	112191	32	249	249
2	3	112064	112421	24	254	357
2	3	113118	113118	25	697	0
2	3	113711	114318	26	593	607
2	3	114892	116328	27	574	1436
2	4	115840	116454	16	12742	614
2	1	115840	116461	16	4763	621
2	9	116584	117188	9	8174	604
2	3	117434	117560	28	1106	126
2	3	117812	117932	29	252	120
2	3	118394	119454	30	462	1060
2	1	119218	119454	17	2757	236
2	4	119341	119454	17	2887	113
2	9	202198	203273	10	85010	1075
2	4	202071	203756	18	82617	1685
2	4	204351	204475	19	595	124
2	9	204468	204830	11	1195	362
2	9	205194	205194	12	364	0
2	9	205323	205323	13	129	0
2	4	204823	205446	20	348	623
2	3	202191	205559	31	82737	3368
2	3	206646	206646	32	1087	0
2	4	209314	209314	21	3868	0
2	3	209427	209547	33	2781	120
2	9	209547	209674	14	4224	127
2	9	210029	210139	15	355	110
2	4	210139	210379	22	825	240
2	9	210634	210634	16	495	0
2	3	209913	211221	34	366	1308
2	4	211103	211338	23	724	235
2	9	211221	211338	17	587	117
2	9	254308	254787	18	42970	479
2	9	255021	255962	19	234	941
2	9	256088	257292	20	126	1204
2	9	257650	258503	21	358	853
2	9	258983	258990	22	480	7
2	9	259248	260319	23	258	1071
2	9	260690	265476	24	371	4786
2	9	265849	267406	25	373	1557
2	9	267661	268290	26	255	629
2	9	268429	269247	27	139	818
2	9	270420	270420	28	1173	0
2	9	271628	273671	29	1208	2043
2	9	274028	278821	30	357	4793
2	3	336711	336711	35	125490	0
2	3	337323	337330	36	612	7
2	8	337330	337330	4	334603	0
2	1	337330	337330	18	217876	0
2	8	338277	338429	5	947	152
2	6	338284	338429	18	239174	145
2	5	338556	338556	3	316628	0
2	1	338556	338556	19	1226	0
2	9	338284	338779	31	59463	495
2	8	338779	338779	6	350	0
2	3	338779	338779	37	1449	0
2	7	339018	339039	33	226827	21
2	3	339162	339162	38	383	0
2	3	339521	339521	39	359	0
2	3	340610	340610	40	1089	0
2	7	340727	340727	34	1688	0
2	8	340727	340734	7	1948	7
2	1	341078	341078	20	2522	0
2	3	340968	341193	41	358	225
2	5	341776	341776	4	3220	0
2	7	342522	342522	35	1795	0
2	5	342522	342522	5	746	0
2	7	343100	343242	36	578	142
2	5	343242	343242	6	720	0
2	5	343604	343718	7	362	114
2	5	344197	344197	8	479	0
2	9	344308	344308	32	5529	0
2	8	344308	344308	8	3574	0
2	7	344544	344544	37	1302	0
2	6	344197	345018	19	5768	821
2	5	344544	345018	9	347	474
2	1	345133	345133	21	4055	0
2	1	345632	345632	22	499	0
2	3	345133	345744	42	3940	611
2	3	345988	346216	43	244	228
2	1	346216	346216	23	584	0
2	1	346557	346564	24	341	7
2	5	346790	346790	10	1772	0
2	3	346564	346918	44	348	354
2	1	347044	347044	25	480	0
2	3	347412	348260	45	494	848
2	1	347538	348623	26	494	1085
2	3	348497	348623	46	237	126
2	3	348864	349087	47	241	223
2	7	348975	349325	38	4431	350
2	1	348864	349809	27	241	945
2	7	349693	349927	39	368	234
2	7	350288	350295	40	361	7
2	9	350288	350295	33	5980	7
2	1	350295	350663	28	486	368
2	7	350552	351025	41	257	473
2	7	351263	351523	42	238	260
2	3	349565	351874	48	478	2309
2	1	351389	351881	29	726	492
2	8	351888	351888	9	7580	0
2	7	352013	352013	43	490	0
2	1	352123	352123	30	242	0
2	3	352123	352253	49	249	130
2	3	352622	352622	50	369	0
2	3	352988	352988	51	366	0
2	3	353339	353339	52	351	0
2	7	353339	353339	44	1326	0
2	3	353708	353708	53	369	0
2	1	353818	353818	31	1695	0
2	7	353596	354051	45	257	455
2	3	353941	354166	54	233	225
2	3	354643	354763	55	477	120
2	1	354763	354763	32	945	0
2	7	354763	354898	46	712	135
2	8	355009	355009	10	3121	0
2	6	355009	355016	20	9991	7
2	4	355009	355016	24	143671	7
2	7	355130	355130	47	232	0
2	3	355475	355475	56	712	0
2	7	355833	356070	48	703	237
2	3	356070	356070	57	595	0
2	7	356439	356439	49	369	0
2	7	357748	357748	50	1309	0
2	9	358004	358004	34	7709	0
2	3	358237	358237	58	2167	0
2	3	358973	358973	59	736	0
2	7	358719	359090	51	971	371
2	5	359311	359311	11	12521	0
3	1	121	236	1	0	115
3	5	236	236	1	0	0
3	4	236	585	1	0	349
3	5	585	585	2	349	0
3	6	585	585	1	0	0
3	1	585	585	2	349	0
3	8	121	700	1	0	579
3	5	816	816	3	231	0
3	9	1062	6969	1	0	5907
3	9	7323	9611	2	354	2288
3	9	9963	10324	3	352	361
3	9	10680	11890	4	356	1210
3	9	12233	16898	5	343	4665
3	2	17727	17843	1	0	116
3	8	19143	19143	2	18443	0
3	9	17254	22770	6	356	5516
3	9	23024	24944	7	254	1920
3	9	25308	27634	8	364	2326
3	9	27985	27985	9	351	0
3	9	28245	31325	10	260	3080
3	9	31561	33015	11	236	1454
3	9	33378	34348	12	363	970
3	9	34686	37034	13	338	2348
3	9	37385	42263	14	351	4878
3	9	42517	45648	15	254	3131
3	9	46010	54142	16	362	8132
3	9	54386	56420	17	244	2034
3	9	56668	57152	18	248	484
3	9	57514	59936	19	362	2422
3	9	60179	61749	20	243	1570
3	9	62096	63626	21	347	1530
3	9	63965	68137	22	339	4172
3	9	68502	75188	23	365	6686
3	9	75437	78470	24	249	3033
3	9	78612	80190	25	142	1578
3	9	80680	82980	26	490	2300
3	2	83589	83589	2	65746	0
3	2	86485	86707	3	2896	222
3	1	87156	87156	3	86571	0
3	2	87156	87156	4	449	0
3	2	87522	87641	5	366	119
3	2	88337	88337	6	696	0
3	4	87282	88452	2	86697	1170
3	6	88223	88571	2	87638	348
3	2	88826	88953	7	489	127
3	6	88826	88953	3	255	127
3	7	88337	89072	1	0	735
3	9	83224	89433	27	244	6209
3	2	89308	89561	8	355	253
3	9	89796	90029	28	363	233
3	4	88696	90156	3	244	1460
3	7	89433	90156	2	361	723
3	9	90379	90379	29	350	0
3	7	90498	90969	3	342	471
3	4	90498	91562	4	342	1064
3	7	91320	91684	4	351	364
3	6	89308	92066	4	355	2758
3	2	89911	92066	9	350	2155
3	9	91091	92544	30	712	1453
3	4	91818	92776	5	256	958
3	9	92899	93020	31	355	121
3	2	92416	93374	10	350	958
3	2	93867	94227	11	493	360
3	7	91941	94232	5	257	2291
3	6	92412	94593	5	346	2181
3	2	94478	94593	12	251	115
3	9	93495	94597	32	475	1102
3	7	94481	94723	6	249	242
3	2	94723	94723	13	130	0
3	6	94729	94865	6	136	136
3	7	94865	94996	7	142	131
3	2	94858	95112	14	135	254
3	6	95112	95232	7	247	120
3	7	95232	95235	8	236	3
3	2	95592	95739	15	480	147
3	9	94729	95977	33	132	1248
3	4	93020	96692	6	244	3672
3	2	96815	96815	16	1076	0
3	7	96699	96941	9	1464	242
3	4	96941	97064	7	249	123
3	2	97306	97654	17	491	348
3	4	97654	98017	8	590	363
3	7	97778	98024	10	837	246
3	4	98255	98858	9	238	603
3	7	98737	99079	11	713	342
3	2	98024	99318	18	370	1294
3	7	99323	99560	12	244	237
3	2	99560	99560	19	242	0
3	2	99912	99912	20	352	0
3	2	100050	100050	21	138	0
3	2	100175	100297	22	125	122
3	7	100537	100537	13	977	0
3	1	96104	101388	4	8948	5284
3	7	101870	101999	14	1333	129
3	2	101505	103173	23	1208	1668
3	2	103416	104018	24	243	602
3	7	102355	104141	15	356	1786
3	2	104375	104375	25	357	0
3	2	104827	105061	26	452	234
3	7	105061	105061	16	920	0
3	7	105428	105545	17	367	117
3	4	99202	105661	10	344	6459
3	7	106257	106389	18	712	132
3	2	106032	106515	27	971	483
3	7	106658	106789	19	269	131
3	1	101632	107042	5	244	5410
3	2	106651	107042	28	136	391
3	7	107035	107166	20	246	131
3	2	107667	107667	29	625	0
3	7	107667	107667	21	501	0
3	7	108161	108292	22	494	131
3	2	108530	108893	30	863	363
3	2	109016	109479	31	123	463
3	4	106032	109831	11	371	3799
3	2	109956	110203	32	477	247
3	2	110452	111448	33	249	996
3	2	111789	112375	34	341	586
3	4	110079	113909	12	248	3830
3	2	113450	114495	35	1075	1045
3	4	114149	114495	13	240	346
3	2	114851	114978	36	356	127
3	4	115097	115343	14	602	246
3	2	115219	115473	37	241	254
3	4	115704	115718	15	361	14
3	4	115962	116183	16	244	221
3	4	116438	116438	17	255	0
3	1	107414	116563	6	372	9149
3	9	116824	117189	34	20847	365
3	9	117542	118711	35	353	1169
3	9	119294	130194	36	583	10900
3	9	130905	131158	37	711	253
3	9	131400	135906	38	242	4506
3	9	136146	139737	39	240	3591
3	9	139998	141086	40	261	1088
3	9	141211	141211	41	125	0
3	9	141575	141596	42	364	21
3	9	141854	147156	43	258	5302
3	9	147514	148912	44	358	1398
3	9	149278	149778	45	366	500
3	9	150021	151018	46	243	997
3	9	151378	152845	47	360	1467
3	9	152994	154185	48	149	1191
3	9	154438	154438	49	253	0
3	9	154809	156255	50	371	1446
3	9	156735	157560	51	480	825
3	9	157908	160672	52	348	2764
3	9	160920	161528	53	248	608
3	9	161896	169642	54	368	7746
3	9	189734	191313	55	20092	1579
3	9	191452	195251	56	139	3799
3	9	195605	195956	57	354	351
3	9	196193	197838	58	237	1645
3	9	198078	198078	59	240	0
3	4	195949	199029	18	79511	3080
3	9	199267	199281	60	1189	14
3	4	199405	199645	19	376	240
3	2	198078	200375	38	82605	2297
3	9	199529	200375	61	248	846
3	4	199883	200734	20	238	851
3	2	200612	201577	39	237	965
3	4	201205	201577	21	471	372
3	9	200855	201688	62	480	833
3	9	202163	202170	63	475	7
3	4	201925	202413	22	348	488
3	2	202530	202530	40	953	0
3	4	203013	203137	23	600	124
3	4	203370	203725	24	233	355
3	2	203848	203848	41	1318	0
3	4	205419	205780	25	1694	361
3	2	205546	205780	42	1698	234
3	4	206881	206881	26	1101	0
3	2	206028	207114	43	248	1086
3	9	203137	207367	64	967	4230
3	9	207618	208684	65	251	1066
3	4	207240	208804	27	359	1564
3	4	209286	209286	28	482	0
3	9	209058	209891	66	374	833
3	4	209763	211073	29	477	1310
4	8	121	347	1	0	226
4	6	464	464	1	0	0
4	8	819	819	2	472	0
4	1	943	943	1	0	0
4	5	121	1433	1	0	1312
4	1	1433	1433	2	490	0
4	3	1065	1665	1	0	600
4	8	1665	1665	3	846	0
4	5	1908	3198	2	475	1290
4	6	3198	3198	2	2734	0
4	6	3675	4026	3	477	351
4	7	2161	4156	1	0	1995
4	5	3675	4275	3	477	600
4	6	4275	5257	4	249	982
4	7	4514	5264	2	358	750
4	6	5394	5765	5	137	371
4	7	5633	6020	3	369	387
4	7	6247	6254	4	227	7
4	7	6610	7205	5	356	595
4	6	6247	7433	6	482	1186
4	8	8379	8379	4	6714	0
4	7	7547	8622	6	342	1075
4	1	8379	8622	3	6946	243
4	8	8622	9111	5	243	489
4	8	9590	9590	6	479	0
4	1	8863	9940	4	241	1077
4	8	9944	10058	7	354	114
4	5	4641	10170	4	366	5529
4	1	10058	10538	5	118	480
4	8	10182	11002	8	124	820
4	1	10890	11119	6	352	229
4	6	11233	11233	7	3800	0
4	8	11233	11233	9	231	0
4	2	11566	11566	1	0	0
4	5	10656	11689	5	486	1033
4	2	11814	11814	2	248	0
4	1	11566	11819	7	447	253
4	8	11931	11931	10	698	0
4	5	11931	12282	6	242	351
4	8	12277	12282	11	346	5
4	8	12539	12539	12	257	0
4	5	12526	12669	7	244	143
4	6	12545	12672	8	1312	127
4	1	12401	13030	8	582	629
4	8	13030	13494	13	491	464
4	1	13491	13497	9	461	6
4	7	13491	13497	7	4869	6
4	5	13382	13631	8	713	249
4	6	13631	13631	9	959	0
4	7	13631	13751	8	134	120
4	8	13751	13997	14	257	246
4	1	14000	14000	10	503	0
4	5	14004	14118	9	373	114
4	8	14118	14118	15	121	0
4	5	14245	14245	10	127	0
4	1	14245	14245	11	245	0
4	6	14482	14482	10	851	0
4	1	14720	14720	12	475	0
4	5	14609	14729	11	364	120
4	5	14964	14964	12	235	0
4	8	14485	15085	16	367	600
4	8	15437	15437	17	352	0
4	5	15437	15553	13	473	116
4	1	14851	15662	13	131	811
4	8	15772	15772	18	335	0
4	5	15884	15888	14	331	4
4	1	16003	16127	14	341	124
4	1	16362	16362	15	235	0
4	8	16127	16489	19	355	362
4	1	16491	16608	16	129	117
4	8	16717	16826	20	228	109
4	1	16943	17299	17	335	356
4	5	16236	17532	15	348	1296
4	1	17532	17532	18	233	0
4	8	17060	17544	21	234	484
4	5	17664	18155	16	132	491
4	8	18286	18286	22	742	0
4	1	17664	18290	19	132	626
4	8	18530	18530	23	244	0
4	5	18404	18644	17	249	240
4	7	18766	18766	9	5015	0
4	8	18766	18769	24	236	3
4	1	18530	19252	20	240	722
4	8	19009	19366	25	240	357
4	8	20433	20548	26	1067	115
4	8	20924	20924	27	376	0
4	1	19700	21394	21	448	1694
4	8	21394	21643	28	470	249
4	8	22114	22241	29	471	127
4	7	22617	22617	10	3851	0
4	5	22610	23000	18	3966	390
4	8	23240	23240	30	999	0
4	8	23591	23591	31	351	0
4	8	23847	23847	32	256	0
4	8	24293	24412	33	446	119
4	1	21752	24419	22	358	2667
4	1	24679	25736	23	260	1057
4	1	25971	25971	24	235	0
4	8	26087	26201	34	1675	114
4	1	86231	86585	25	60260	354
4	6	86927	86927	11	72445	0
4	6	87398	87398	12	471	0
4	6	87995	87995	13	597	0
4	1	86927	88121	26	342	1194
4	6	88123	88123	14	128	0
4	2	88121	88619	3	76307	498
4	6	89089	89212	15	966	123
4	3	88246	89326	2	86581	1080
4	2	88966	89326	4	347	360
4	9	88117	89453	1	0	1336
4	9	89812	89933	2	359	121
4	7	88966	90294	11	66349	1328
4	6	89453	90779	16	241	1326
4	9	90170	91025	3	237	855
4	6	91152	91404	17	373	252
4	2	89569	91429	5	243	1860
4	9	91399	91785	4	374	386
4	6	91417	91785	18	13	368
4	3	89686	91910	3	360	2224
4	2	91780	92150	6	351	370
4	9	92031	92150	5	246	119
4	6	92031	92156	19	246	125
4	2	92167	92291	7	17	124
4	2	92415	92636	8	124	221
4	6	92405	92749	20	249	344
4	9	92291	92873	6	141	582
4	2	92996	93245	9	360	249
4	9	93119	93372	7	246	253
4	3	92150	93721	4	240	1571
4	7	90537	94078	12	243	3541
4	2	93486	94430	10	241	944
4	6	93372	94548	21	623	1176
4	3	94078	95033	5	357	955
4	6	94912	95377	22	364	465
4	3	95493	95505	6	460	12
4	7	94663	95861	13	585	1198
4	3	96087	96087	7	582	0
4	2	94786	96100	11	356	1314
4	6	95505	96100	23	128	595
4	7	96100	96100	14	239	0
4	3	96219	96339	8	132	120
4	9	94199	96843	8	827	2644
4	2	96594	96843	12	494	249
4	2	97322	97322	13	479	0
4	3	96594	99236	9	255	2642
4	3	99472	99703	10	236	231
4	6	99829	99952	24	3729	123
4	1	96955	100071	27	8834	3116
4	2	100071	100076	14	2749	5
4	6	100536	100646	25	584	110
4	6	102571	102571	26	1925	0
4	6	103215	103215	27	644	0
4	3	100192	103470	11	489	3278
4	6	104069	104069	28	854	0
4	1	100310	104203	28	239	3893
4	1	104340	104940	29	137	600
4	3	103830	105755	12	360	1925
4	1	105271	106500	30	331	1229
4	7	107245	107245	15	11145	0
4	7	109018	109018	16	1773	0
4	3	106003	110073	13	248	4070
4	3	110419	110419	14	346	0
4	3	110902	111021	15	483	119
4	3	111267	112107	16	246	840
4	2	112746	112863	15	12670	117
4	1	106991	113919	31	491	6928
4	3	112236	115468	17	129	3232
4	3	115708	115829	18	240	121
4	2	116295	116409	16	3432	114
4	1	114269	117000	32	350	2731
4	3	116186	117343	19	357	1157
4	9	117343	117463	9	20500	120
4	1	117343	117580	33	343	237
4	1	117711	118194	34	131	483
4	1	118327	118554	35	133	227
4	1	188093	188574	36	69539	481
4	9	188093	188692	10	70630	599
5	6	464	464	1	0	0
5	6	702	818	2	238	116
5	8	121	1064	1	0	943
5	4	121	1308	1	0	1187
5	1	1432	1432	1	0	0
5	8	1664	1664	2	600	0
5	4	1664	1664	2	356	0
5	9	1784	1788	1	0	4
5	3	1308	1897	1	0	589
5	7	1897	1901	1	0	4
5	1	1784	1904	2	352	120
5	6	1904	1904	3	1086	0
5	9	1904	1904	2	116	0
5	4	2017	2503	3	353	486
5	7	2260	2736	2	359	476
5	7	3073	4022	3	337	949
5	4	2961	4503	4	458	1542
5	7	4503	5122	4	481	619
5	4	4874	5246	5	371	372
5	6	3657	5741	4	1753	2084
5	7	5384	5748	5	262	364
5	7	6010	6241	6	262	231
5	6	6130	6961	5	389	831
5	4	5384	7078	6	138	1694
5	6	7315	7427	6	354	112
5	7	6844	8249	7	603	1405
5	8	8495	8495	3	6831	0
5	6	8495	8495	7	1068	0
5	1	8613	8613	3	6709	0
5	8	8868	8868	4	373	0
5	7	8613	9105	8	364	492
5	8	9712	9712	5	844	0
5	1	8868	10550	4	255	1682
5	8	10677	10677	6	965	0
5	8	10917	11036	7	240	119
5	8	11395	11395	8	359	0
5	1	10911	11507	5	361	596
5	2	11635	11635	1	0	0
5	8	11744	11744	9	349	0
5	1	11751	12693	6	244	942
5	8	13042	13042	10	1298	0
5	4	7427	13153	7	349	5726
5	4	13282	13282	8	129	0
5	8	13287	13539	11	245	252
5	1	13042	13673	7	349	631
5	1	14281	14749	8	608	468
5	2	15004	15004	2	3369	0
5	7	15004	15004	9	5899	0
5	8	15011	15141	12	1472	130
5	1	15016	15386	9	267	370
5	4	13407	15641	9	125	2234
5	8	15766	15886	13	625	120
5	8	16137	16256	14	251	119
5	1	16130	16751	10	744	621
5	8	16879	17465	15	623	586
5	7	17800	17800	10	2796	0
5	1	17113	18396	11	362	1283
5	8	18403	18403	16	938	0
5	4	15766	18881	10	125	3115
5	1	18644	18881	12	248	237
5	7	18990	19107	11	1190	117
5	7	19341	19583	12	234	242
5	7	19833	20820	13	250	987
5	7	21313	21313	14	493	0
5	7	21676	21926	15	363	250
5	7	22258	22508	16	332	250
5	1	22755	23000	13	3874	245
5	4	22762	23120	11	3881	358
5	7	23238	23353	17	730	115
6	4	121	236	1	0	115
6	7	236	464	1	0	228
6	2	464	585	1	0	121
6	3	464	588	1	0	124
6	8	121	699	1	0	578
6	7	699	699	2	235	0
6	7	1061	1184	3	362	123
6	8	1061	1552	2	362	491
6	7	1552	1661	4	368	109
6	8	1893	1893	3	341	0
6	7	1905	1905	5	244	0
6	2	1905	2138	2	1320	233
6	7	2133	2138	6	228	5
6	7	2832	2832	7	694	0
6	4	3535	3535	2	3299	0
6	1	4016	4016	1	0	0
6	4	4016	4135	3	481	119
6	5	3058	4248	1	0	1190
6	8	2717	4374	4	824	1657
6	1	4374	4374	2	358	0
6	3	4374	4501	2	3786	127
6	4	4745	4752	4	610	7
6	1	4752	4752	3	378	0
6	3	4752	4752	3	251	0
6	8	4745	4993	5	371	248
6	5	6359	8244	2	2111	1885
6	7	8975	8975	8	6143	0
6	5	8612	9098	3	368	486
6	5	9474	10067	4	376	593
6	4	6359	10297	5	1607	3938
6	5	10424	10424	5	357	0
6	5	11862	11983	6	1438	121
6	4	12439	12567	6	2142	128
6	4	13050	13160	7	483	110
6	4	13285	13408	8	125	123
6	4	13661	13661	9	253	0
6	4	14168	14168	10	507	0
6	8	11513	14404	6	6520	2891
6	8	14756	15139	7	352	383
6	8	15509	15630	8	370	121
6	4	15134	15637	11	966	503
6	4	15882	15882	12	245	0
6	4	16260	16260	13	378	0
6	4	16874	17236	14	614	362
6	4	17588	17704	15	352	116
6	4	19113	19113	16	1409	0
6	8	15882	21071	9	252	5189
6	8	21680	21806	10	609	126
6	8	22272	22272	11	466	0
6	7	88557	88557	9	79582	0
6	4	89899	90018	17	70786	119
6	2	90368	90368	3	88230	0
6	4	90368	90368	18	350	0
6	4	91080	91194	19	712	114
6	2	91194	91194	4	826	0
6	3	92307	92307	4	87555	0
6	7	92416	92527	10	3859	111
6	3	92654	92654	5	347	0
6	2	92527	92902	5	1333	375
6	7	92902	92902	11	375	0
6	9	92186	93259	1	0	1073
6	9	93623	93623	2	364	0
6	2	93143	93856	6	241	713
6	3	92902	94107	6	248	1205
6	9	93983	94357	3	360	374
6	2	94224	94604	7	368	380
6	7	93259	94716	12	357	1457
6	4	92186	94843	20	992	2657
6	9	94716	94967	4	359	251
6	7	95089	95216	13	373	127
6	9	95335	95457	5	368	122
6	3	94238	95464	7	131	1226
6	2	95216	95732	8	612	516
6	9	95739	95739	6	282	0
6	4	95335	95865	21	492	530
6	4	96104	96104	22	239	0
6	7	95464	96231	14	248	767
6	9	96104	96352	7	365	248
6	2	96231	96352	9	499	121
6	2	96714	97562	10	362	848
6	4	96588	98524	23	484	1936
6	9	96714	98524	8	362	1810
6	2	97811	98648	11	249	837
6	7	97315	98887	15	1084	1572
6	4	98891	98891	24	367	0
6	3	95725	99122	8	261	3397
6	9	98887	99122	9	363	235
6	2	98891	99122	12	243	231
6	7	99122	99122	16	235	0
6	4	102988	102988	25	4097	0
6	4	104289	104289	26	1301	0
6	4	104898	104898	27	609	0
6	4	105468	105468	28	570	0
6	4	105934	105941	29	466	7
6	7	106301	106301	17	7179	0
6	4	106534	106534	30	593	0
6	4	106905	106905	31	371	0
7	2	1785	1785	1	0	0
7	6	1901	1901	1	0	0
7	2	1915	2028	2	130	113
7	2	2144	2493	3	116	349
7	9	1785	2617	1	0	832
7	6	2034	2842	2	133	808
7	6	3188	3188	3	346	0
7	6	3538	3538	4	350	0
7	2	2842	4024	4	349	1182
7	4	1785	4143	1	0	2358
7	6	4256	4256	5	718	0
7	9	2954	4753	2	337	1799
7	3	1785	5266	1	0	3481
7	6	4886	5509	6	630	623
7	3	5509	5764	2	243	255
7	4	4509	5995	2	366	1486
7	6	5884	6124	7	375	240
7	4	6124	6952	3	129	828
7	3	6002	7068	3	238	1066
7	4	7294	7405	4	342	111
7	6	6952	8002	8	828	1050
7	3	7405	8366	4	337	961
7	6	8620	8620	9	618	0
7	2	4382	8857	5	358	4475
7	9	5124	8857	3	371	3733
7	4	8002	8857	5	597	855
7	3	8620	8857	5	254	237
7	6	9826	9826	10	1206	0
7	3	9939	9939	6	1082	0
7	1	10674	10674	1	0	0
7	3	10794	10794	7	855	0
7	2	10794	10794	6	1937	0
7	1	11384	11384	2	710	0
7	2	11742	11742	7	948	0
7	2	12198	12444	8	456	246
7	3	11855	12570	8	1061	715
7	1	13037	13037	3	1653	0
7	2	13037	13044	9	593	7
7	3	13030	13288	9	460	258
7	3	13679	13927	10	391	248
7	2	13927	13927	10	883	0
7	3	14893	14893	11	966	0
7	1	15270	15270	4	2233	0
7	3	15525	15525	12	632	0
7	4	15636	15643	6	6779	7
7	6	15770	15770	11	5944	0
7	6	16021	16021	12	251	0
7	1	16258	16265	5	988	7
7	2	16265	16393	11	2338	128
7	3	16140	16520	13	615	380
7	1	16997	16997	6	732	0
7	3	16876	17574	14	356	698
7	2	17574	17684	12	1181	110
7	3	17803	18280	15	229	477
7	1	18656	18656	7	1659	0
7	4	18656	18656	7	3013	0
7	2	19102	19109	13	1418	7
7	1	19109	19348	8	453	239
7	2	19467	19467	14	358	0
7	3	18656	19576	16	376	920
7	2	19837	19837	15	370	0
7	9	19837	19837	4	10980	0
7	1	19837	20086	9	489	249
7	4	20086	20086	8	1430	0
7	3	19959	20320	17	383	361
7	2	20327	20588	16	490	261
7	1	20461	20595	10	375	134
7	4	20704	20704	9	618	0
7	3	20588	20958	18	268	370
7	2	20832	20958	17	244	126
7	1	20958	20958	11	363	0
7	1	21324	21324	12	366	0
7	3	21324	21810	19	366	486
7	1	21689	21810	13	365	121
7	2	21924	21924	18	966	0
7	9	22258	22258	5	2421	0
7	3	22258	22258	20	448	0
7	3	248584	248815	21	226326	231
7	1	248815	248815	14	227005	0
7	3	249170	249428	22	355	258
7	1	250003	250003	15	1188	0
7	3	249772	250125	23	344	353
7	3	250831	250831	24	706	0
7	2	252876	252990	19	230952	114
7	2	254091	254337	20	1101	246
7	2	258778	258778	21	4441	0
7	1	258778	258902	16	8775	124
7	4	258902	258902	10	238198	0
7	3	258902	259251	25	8071	349
7	3	259513	259755	26	262	242
7	3	260225	260225	27	470	0
7	2	259128	260580	22	350	1452
7	3	260707	261074	28	482	367
7	2	261191	261191	23	611	0
7	1	261544	261544	17	2642	0
7	3	261435	261664	29	361	229
7	2	261664	261785	24	473	121
7	9	262144	262144	6	239886	0
7	4	262144	262144	11	3242	0
7	5	262144	262148	1	0	4
7	1	262144	262148	18	600	4
7	3	262144	262509	30	480	365
7	2	262509	262636	25	724	127
7	1	262636	262763	19	488	127
7	3	262763	263255	31	254	492
7	2	263002	263735	26	366	733
7	3	263626	264099	32	371	473
7	2	264092	264208	27	357	116
7	2	264811	264811	28	603	0
7	3	264811	264922	33	712	111
7	1	265260	265260	20	2497	0
7	3	265260	265260	34	338	0
7	3	265871	265995	35	611	124
7	1	266127	266127	21	867	0
7	2	265871	266356	29	1060	485
7	2	266714	266714	30	358	0
7	3	266247	266953	36	252	706
7	2	267186	267186	31	472	0
7	3	267557	267690	37	604	133
7	3	267828	267828	38	138	0
7	4	267946	267946	12	5802	0
7	1	268437	268437	22	2310	0
7	2	268444	268444	32	1258	0
7	3	268437	268569	39	609	132
7	2	268807	269159	33	363	352
7	9	269159	269159	7	7015	0
7	1	268569	269496	23	132	927
7	4	269380	269496	13	1434	116
7	9	269496	269496	8	337	0
7	3	268920	269607	40	351	687
7	1	270442	270442	24	946	0
7	2	269496	270558	34	337	1062
7	3	270086	270685	41	479	599
7	6	270685	270685	13	254664	0
7	8	270685	270685	1	0	0
7	5	270691	270691	2	8543	0
7	3	271175	271175	42	490	0
7	5	271884	271884	3	1193	0
7	4	271884	271884	14	2388	0
7	4	272340	272340	15	456	0
7	3	271643	272347	43	468	704
7	2	271884	272347	35	1326	463
7	1	272347	272600	25	1905	253
7	4	272600	272600	16	260	0
7	5	272600	272607	4	716	7
7	1	272967	272967	26	367	0
7	3	272967	272967	44	620	0
7	2	273691	273691	36	1344	0
7	3	273691	273691	45	724	0
8	6	121	121	1	0	0
8	3	121	347	1	0	226
8	7	236	588	1	0	352
8	3	588	588	2	241	0
8	6	464	699	2	343	235
8	7	938	938	2	350	0
8	2	347	1061	1	0	714
8	6	938	1182	3	239	244
8	7	1429	1662	3	491	233
8	2	1429	1781	2	368	352
8	7	1781	1781	4	119	0
8	2	2027	2137	3	246	110
8	6	2252	2252	4	1070	0
8	7	2027	2719	5	246	692
8	4	3180	3180	1	0	0
8	5	3060	3771	1	0	711
8	4	4018	4018	2	838	0
8	5	4018	4137	2	247	119
8	3	4137	4137	3	3549	0
8	6	2609	4250	5	357	1641
8	4	4376	4376	3	358	0
8	5	4380	4381	3	243	1
8	9	4381	4381	1	0	0
8	3	4380	4500	4	243	120
8	1	4250	4506	1	0	256
8	4	4510	4510	4	134	0
8	6	4510	4624	6	260	114
8	3	4624	4624	5	124	0
8	4	4752	4752	5	242	0
8	9	4752	4756	2	371	4
8	3	4756	4756	6	132	0
8	5	4880	4880	4	499	0
8	6	4756	4994	7	132	238
8	6	5126	5254	8	132	128
8	1	5254	5735	2	748	481
8	1	5975	6093	3	240	118
8	1	6449	6570	4	356	121
8	1	6912	6912	5	342	0
8	1	7377	7377	6	465	0
8	1	8112	8598	7	735	486
8	1	9326	9326	8	728	0
8	1	10036	10661	9	710	625
8	5	11483	11483	5	6603	0
8	4	11596	11596	6	6844	0
8	5	11816	11816	6	333	0
8	4	11939	12649	7	343	710
8	6	11596	13036	9	6342	1440
8	1	13298	13298	10	2637	0
8	5	14384	14384	7	2568	0
8	6	13172	14390	10	136	1218
8	4	12900	14515	8	251	1615
8	5	14760	14760	8	376	0
8	6	14760	15015	11	370	255
8	6	15139	15266	12	124	127
8	4	15380	15380	9	865	0
8	4	15636	15747	10	256	111
8	6	15510	15872	13	244	362
8	4	15872	16463	11	125	591
8	6	16111	16579	14	239	468
8	5	16910	16910	9	2150	0
8	7	16914	16914	6	14195	0
8	4	16798	17029	12	335	231
8	5	17521	17521	10	611	0
8	4	17516	18450	13	487	934
8	6	16910	18816	15	331	1906
8	5	19065	19065	11	1544	0
8	4	18569	19432	14	119	863
8	5	19437	19437	12	372	0
8	6	19174	20298	16	358	1124
8	4	19571	20298	15	139	727
8	6	20541	21116	17	243	575
8	5	21116	21116	13	1679	0
8	4	20663	21359	16	365	696
8	1	21232	21366	11	7934	134
8	4	21619	21619	17	260	0
8	6	21619	21977	18	503	358
8	2	22095	22095	4	19958	0
8	1	22210	22215	12	844	5
8	4	21857	22468	18	238	611
8	4	22811	22811	19	343	0
8	1	23058	23063	13	843	5
8	4	23058	23409	20	247	351
8	4	24432	24560	21	1023	128
8	4	25869	25869	22	1309	0
8	4	26718	26718	23	849	0
8	4	28377	28377	24	1659	0
8	4	29215	29215	25	838	0
8	1	262105	262105	14	239042	0
8	1	269054	269054	15	6949	0
8	1	273747	273754	16	4693	7
8	3	337296	337430	7	332540	134
8	1	337296	337430	17	63542	134
8	5	337430	337430	14	316314	0
8	9	337542	337653	3	332786	111
8	6	337913	337913	19	315936	0
8	2	338281	338513	5	316186	232
8	9	337899	338996	4	246	1097
8	1	339120	339235	18	1690	115
8	9	339356	339356	5	360	0
8	6	339356	339356	20	1443	0
8	6	340067	340298	21	711	231
8	9	339952	340527	6	596	575
8	9	340650	340664	7	123	14
8	9	341015	341141	8	351	126
8	5	341251	341251	15	3821	0
8	6	341251	341258	22	953	7
8	9	341382	341389	9	241	7
8	6	341396	341518	23	138	122
8	9	341748	341858	10	359	110
8	6	341858	342109	24	340	251
8	5	342109	342116	16	858	7
8	9	342102	342471	11	244	369
8	6	342351	342592	25	242	241
8	5	342592	342592	17	476	0
8	3	343182	343182	8	5752	0
8	1	343182	343182	19	3947	0
8	9	342950	343418	12	479	468
8	6	343425	343425	26	833	0
8	9	343774	343892	13	356	118
8	9	344253	344253	14	361	0
8	6	344007	344506	27	582	499
8	5	344253	344618	18	1661	365
8	7	344625	344625	7	327711	0
8	9	344625	344625	15	372	0
8	2	344979	344979	6	6466	0
8	5	344979	344979	19	361	0
8	9	345204	345438	16	579	234
8	9	346043	346412	17	605	369
8	6	344862	346534	28	356	1672
8	4	347250	347250	26	318035	0
8	9	347007	347364	18	595	357
8	6	346883	347738	29	349	855
8	9	347616	347738	19	252	122
8	4	347961	347961	27	711	0
8	1	347849	348199	20	4667	350
8	3	347849	348199	9	4667	350
8	3	349290	349304	10	1091	14
8	1	349290	349304	21	1091	14
8	6	349419	349537	30	1681	118
8	4	349537	349537	28	1576	0
8	9	349537	349773	20	1799	236
8	9	350263	350270	21	490	7
8	6	349899	350506	31	362	607
8	9	350513	350513	22	243	0
8	6	350748	350748	32	242	0
8	6	350887	350887	33	139	0
8	5	350997	350997	20	6018	0
8	3	351004	351004	11	1700	0
8	1	350997	351127	22	1693	130
8	6	351247	351247	34	360	0
8	5	351496	351496	21	499	0
8	3	351496	351496	12	492	0
8	4	350137	351508	29	600	1371
8	6	351501	351631	35	254	130
8	1	351740	351740	23	613	0
8	3	351740	351740	13	244	0
8	6	351973	351973	36	342	0
8	6	352580	352580	37	607	0
8	9	352580	352690	23	2067	110
8	4	351973	352697	30	465	724
8	4	353038	353279	31	341	241
8	4	353635	353881	32	356	246
8	4	354466	354579	33	585	113
8	6	353279	354819	38	699	1540
8	5	354942	354949	22	3446	7
8	1	354949	354949	24	3209	0
8	4	354942	355311	34	363	369
8	6	355074	355554	39	255	480
8	5	355675	355675	23	726	0
8	4	355561	355682	35	250	121
8	9	355682	355682	24	2992	0
9	5	121	121	1	0	0
9	8	121	121	1	0	0
9	3	121	6499	1	0	6378
9	3	6855	7438	2	356	583
9	3	7779	19957	3	341	12178
9	3	20098	27044	4	141	6946
9	3	27293	30499	5	249	3206
9	3	30743	38618	6	244	7875
9	3	38850	43019	7	232	4169
9	3	43365	44711	8	346	1346
9	3	45306	55710	9	595	10404
9	3	55952	59227	10	242	3275
9	3	59583	60913	11	356	1330
9	3	61278	62552	12	365	1274
9	3	62908	65339	13	356	2431
9	3	65712	68384	14	373	2672
9	3	68635	72778	15	251	4143
9	2	82983	82983	1	0	0
9	3	72902	85435	16	124	12533
9	2	85898	85898	2	2915	0
9	3	85771	86370	17	336	599
9	1	86488	86488	1	0	0
9	3	86710	87045	18	340	335
9	7	87285	87407	1	0	122
9	3	87407	87762	19	362	355
9	2	86598	87871	3	700	1273
9	6	87525	87871	1	0	346
9	7	87762	87985	2	355	223
9	6	88103	88103	2	232	0
9	4	86488	88332	1	0	1844
9	7	88217	88332	3	232	115
9	7	88574	88574	4	242	0
9	6	88444	88693	3	341	249
9	4	88693	88697	2	361	4
9	2	88217	88828	4	346	611
9	7	88947	88947	5	373	0
9	4	89068	89308	3	371	240
9	6	88947	89433	4	254	486
9	2	89560	89560	5	732	0
9	6	89795	89795	5	362	0
9	3	87990	90027	20	228	2037
9	3	90255	90496	21	228	241
9	6	90845	90845	6	1050	0
9	2	89910	91081	6	350	1171
9	7	89308	91210	6	361	1902
9	6	91331	91442	7	486	111
9	4	89676	91564	4	368	1888
9	3	90845	91821	22	349	976
9	4	91821	92073	5	257	252
9	4	92414	92905	6	341	491
9	7	91564	93021	7	354	1457
9	2	91331	93138	7	250	1807
9	4	93264	93497	7	359	233
9	2	93497	93618	8	359	121
9	7	93385	93747	8	364	362
9	2	93864	93875	9	246	11
9	6	92414	94480	8	972	2066
9	7	93994	94480	9	247	486
9	3	92303	95229	23	482	2926
9	4	93747	95229	8	250	1482
9	2	94353	95229	10	478	876
9	2	103697	103697	11	8468	0
9	2	111838	112087	12	8141	249
9	2	112428	112552	13	341	124
9	4	115736	115736	9	20507	0
9	3	115736	115743	24	20507	7
9	1	115736	115858	2	29248	122
9	3	115989	116473	25	246	484
9	3	116822	129605	26	349	12783
9	3	129958	140137	27	353	10179
9	3	140503	142500	28	366	1997
9	3	142854	149195	29	354	6341
9	3	149544	149544	30	349	0
9	3	149798	149917	31	254	119
9	3	150292	152024	32	375	1732
9	3	152162	154583	33	138	2421
9	3	154959	159858	34	376	4899
9	3	160103	160334	35	245	231
9	3	160829	164089	36	495	3260
9	3	164226	165658	37	137	1432
9	3	165900	168844	38	242	2944
9	1	181087	181087	3	65229	0
9	4	186518	187006	10	70782	488
9	3	189058	190506	39	20214	1448
9	3	190984	193302	40	478	2318
9	3	193537	195298	41	235	1761
9	4	195172	195423	11	8166	251
9	3	195653	196832	42	355	1179
9	2	197659	198120	14	85107	461
9	2	198595	198595	15	475	0
9	3	198484	198839	43	1652	355
9	2	199794	199794	16	1199	0
9	4	195768	200044	12	345	4276
9	2	200051	200168	17	257	117
9	4	200284	200284	13	240	0
9	2	200515	200515	18	347	0
9	3	200284	200646	44	1445	362
9	4	200522	201014	14	238	492
9	2	201610	201610	19	1095	0
9	4	201251	201728	15	237	477
9	3	202209	202209	45	1563	0
9	4	202094	202327	16	366	233
9	4	202802	202802	17	475	0
9	3	202564	203652	46	355	1088
9	3	203892	203892	47	240	0
9	4	204247	204846	18	1445	599
9	3	204130	205090	48	238	960
9	4	205097	205579	19	251	482
9	4	205936	206301	20	357	365
9	2	206419	206419	20	4809	0
9	3	205219	206549	49	129	1330
9	3	206903	206903	50	354	0
9	4	206785	207148	21	484	363
9	4	207520	208006	22	372	486
9	3	208123	208123	51	1220	0
9	3	208378	208378	52	255	0
9	4	208613	208849	23	607	236
9	4	209323	209323	24	474	0
9	4	209809	210275	25	486	466
9	3	209210	211236	53	832	2026
9	3	211586	212672	54	350	1086
9	3	213637	213637	55	965	0
9	3	213992	215886	56	355	1894
9	3	216242	216476	57	356	234
9	3	216809	221910	58	333	5101
9	3	222156	222401	59	246	245
9	3	222782	225709	60	381	2927
9	3	225962	226189	61	253	227
9	3	226541	227487	62	352	946
9	3	227826	231036	63	339	3210
9	3	231519	237183	64	483	5664
9	3	237538	238404	65	355	866
9	3	238752	240781	66	348	2029
9	3	241031	242944	67	250	1913
9	3	243294	243423	68	350	129
9	3	243684	246067	69	261	2383
9	3	246422	246770	70	355	348
9	3	247257	248568	71	487	1311
9	2	249991	250584	21	43572	593
9	2	250958	252392	22	374	1434
9	2	252743	253970	23	351	1227
9	2	254568	255397	24	598	829
9	2	255745	260333	25	348	4588
9	2	260714	261897	26	381	1183
9	2	262385	263968	27	488	1583
9	2	264339	264571	28	371	232
9	2	265864	265878	29	1293	14
9	2	266829	267184	30	951	355
9	2	267433	269372	31	249	1939
9	2	269722	269843	32	350	121
9	2	270318	273452	33	475	3134
9	2	273809	274051	34	357	242
